    0.0100000    0.0177828    0.0316228    0.0562341     0.100000     0.177828     0.316228     0.562341      1.00000      1.77828
    0.0176161    0.0198281    0.0221397    0.0247586    0.0283005    0.0321927    0.0401907    0.0429298    0.0350965    0.0344689
    0.0171967    0.0180159    0.0194864    0.0212578    0.0245701    0.0290444    0.0345548    0.0379151    0.0319711    0.0229059
    0.0165092    0.0174860    0.0189087    0.0210324    0.0236936    0.0275321    0.0331827    0.0378570    0.0363015    0.0417494
    0.0164838    0.0182068    0.0196216    0.0219042    0.0245648    0.0287327    0.0339874    0.0378330    0.0434324    0.0352429
    0.0164800    0.0180852    0.0200247    0.0225261    0.0249795    0.0288383    0.0349517    0.0378806    0.0376964    0.0303519
    0.0174413    0.0181654    0.0189905    0.0209097    0.0234989    0.0278584    0.0342534    0.0406920    0.0397034    0.0216683
    0.0163341    0.0174298    0.0189748    0.0209423    0.0238838    0.0281798    0.0344970    0.0366906    0.0303962    0.0286520
    0.0164997    0.0178276    0.0190407    0.0207429    0.0239591    0.0289182    0.0359775    0.0419824    0.0374009    0.0334487
    0.0181040    0.0188142    0.0195198    0.0207511    0.0233005    0.0271507    0.0323826    0.0390857    0.0396672    0.0470254
    0.0170968    0.0176881    0.0186330    0.0201217    0.0222835    0.0240790    0.0264360    0.0297660    0.0386963    0.0484535
    0.0181868    0.0182182    0.0196372    0.0211434    0.0233948    0.0262629    0.0303634    0.0322215    0.0291341    0.0355390
    0.0162285    0.0170696    0.0186357    0.0208780    0.0239472    0.0288579    0.0368276    0.0432820    0.0450665    0.0364257
    0.0175688    0.0184431    0.0196786    0.0210976    0.0235905    0.0270172    0.0302297    0.0315149    0.0363952    0.0420254
    0.0176382    0.0179175    0.0191755    0.0203915    0.0220597    0.0258167    0.0327940    0.0404156    0.0475036    0.0497286
    0.0166781    0.0170124    0.0188226    0.0207387    0.0227753    0.0259829    0.0308679    0.0359615    0.0386398    0.0496187
    0.0204866    0.0204998    0.0210945    0.0218790    0.0237904    0.0267266    0.0292771    0.0312642    0.0324888    0.0396217
    0.0153187    0.0166605    0.0177975    0.0195215    0.0217931    0.0261167    0.0343937    0.0465041    0.0593387     0.118941
    0.0151899    0.0154614    0.0166928    0.0176182    0.0193991    0.0225858    0.0267803    0.0325351    0.0384401    0.0422956
    0.0153062    0.0164776    0.0178415    0.0198028    0.0223268    0.0266676    0.0339933    0.0367755    0.0311294    0.0470266
    0.0153446    0.0169735    0.0194215    0.0222236    0.0257627    0.0316574    0.0427580    0.0460674    0.0371408    0.0354397
    0.0148300    0.0169272    0.0189999    0.0217927    0.0264781    0.0340040    0.0455881    0.0536228    0.0567083    0.0902337
    0.0154856    0.0181654    0.0207928    0.0239578    0.0265874    0.0306115    0.0375659    0.0414387    0.0422202    0.0815160
    0.0163546    0.0195297    0.0231679    0.0268628    0.0307969    0.0373168    0.0468115    0.0577273    0.0544076    0.0302431
    0.0159898    0.0188834    0.0221253    0.0255430    0.0287016    0.0341728    0.0433215    0.0458641    0.0336350    0.0355178
    0.0176286    0.0195299    0.0222268    0.0257454    0.0299211    0.0354095    0.0439091    0.0512178    0.0485400    0.0816242
    0.0173900    0.0180803    0.0186306    0.0198931    0.0220212    0.0253022    0.0304762    0.0349120    0.0373693    0.0321834
    0.0172251    0.0172777    0.0184230    0.0206400    0.0239007    0.0276182    0.0328582    0.0407838    0.0458580    0.0702120
    0.0157486    0.0167144    0.0180804    0.0215462    0.0277717    0.0385752    0.0549975    0.0705766    0.0840859     0.118356
    0.0148456    0.0156114    0.0172852    0.0197323    0.0229169    0.0266502    0.0321179    0.0354323    0.0320414    0.0372446
    0.0155950    0.0163398    0.0174143    0.0190410    0.0219036    0.0269706    0.0353647    0.0407023    0.0411652    0.0278367
    0.0148557    0.0162735    0.0173577    0.0195638    0.0236062    0.0300151    0.0403064    0.0455525    0.0486032    0.0387738
    0.0166431    0.0168839    0.0188008    0.0217527    0.0253776    0.0287833    0.0327045    0.0352222    0.0372702    0.0750198
    0.0161450    0.0171764    0.0184488    0.0215935    0.0264906    0.0339966    0.0445167    0.0577029    0.0633327    0.0632023
