   0.0000000e+00   1.0000000e+00   1.0000000e+00   1.0000000e+00   1.0000000e+00
   1.0000000e-01   9.7430711e-01   9.7451552e-01   9.7422316e-01   9.7398112e-01
   2.0000000e-01   8.9655136e-01   8.9716505e-01   8.9637940e-01   8.9565211e-01
   3.0000000e-01   7.8089459e-01   7.8147582e-01   7.8104464e-01   7.8025891e-01
   4.0000000e-01   6.4616392e-01   6.4574394e-01   6.4733731e-01   6.4741063e-01
   5.0000000e-01   5.1053969e-01   5.0810263e-01   5.1335929e-01   5.1516167e-01
   6.0000000e-01   3.8762213e-01   3.8261638e-01   3.9230367e-01   3.9620337e-01
   7.0000000e-01   2.8490370e-01   2.7747154e-01   2.9117157e-01   2.9693091e-01
   8.0000000e-01   2.0438373e-01   1.9524143e-01   2.1162473e-01   2.1859904e-01
   9.0000000e-01   1.4432829e-01   1.3444477e-01   1.5184012e-01   1.5927429e-01
   1.0000000e+00   1.0116783e-01   9.1445358e-02   1.0836052e-01   1.1561494e-01
   1.1000000e+00   7.0932396e-02   6.2015971e-02   7.7422026e-02   8.4071402e-02
   1.2000000e+00   5.0069191e-02   4.2302090e-02   5.5677274e-02   6.1508528e-02
   1.3000000e+00   3.5758448e-02   2.9234521e-02   4.0461145e-02   4.5421524e-02
   1.4000000e+00   2.5925520e-02   2.0576754e-02   2.9792221e-02   3.3928059e-02
   1.5000000e+00   1.9117246e-02   1.4794589e-02   2.2260175e-02   2.5666848e-02
   1.6000000e+00   1.4346552e-02   1.0876780e-02   1.6887661e-02   1.9676181e-02
   1.7000000e+00   1.0954252e-02   8.1723096e-03   1.3007230e-02   1.5285296e-02
   1.8000000e+00   8.5030059e-03   6.2663403e-03   1.0165690e-02   1.2028824e-02
   1.9000000e+00   6.7023184e-03   4.8944167e-03   8.0551086e-03   9.5838301e-03
   2.0000000e+00   5.3579188e-03   3.8865133e-03   6.4651230e-03   7.7252850e-03
   2.1000000e+00   4.3385079e-03   3.1317699e-03   5.2507872e-03   6.2952995e-03
   2.2000000e+00   3.5541906e-03   2.5566364e-03   4.3111597e-03   5.1821180e-03
   2.3000000e+00   2.9425389e-03   2.1113834e-03   3.5751034e-03   4.3058507e-03
   2.4000000e+00   2.4595573e-03   1.7617347e-03   2.9918565e-03   3.6087797e-03
   2.5000000e+00   2.0737841e-03   1.4836197e-03   2.5247361e-03   3.0487500e-03
   2.6000000e+00   1.7623980e-03   1.2598329e-03   2.1469008e-03   2.5946369e-03
   2.7000000e+00   1.5086180e-03   1.0778716e-03   1.8384724e-03   2.2232124e-03
   2.8000000e+00   1.2999459e-03   9.2851096e-04   1.5845566e-03   1.9169604e-03
   2.9000000e+00   1.1269582e-03   8.0484874e-04   1.3738697e-03   1.6625397e-03
   3.0000000e+00   9.8247003e-04   7.0165367e-04   1.1977742e-03   1.4496905e-03
   3.1000000e+00   8.6094426e-04   6.1491380e-04   1.0495915e-03   1.2704507e-03
   3.2000000e+00   7.5807140e-04   5.4151877e-04   9.2411015e-04   1.1185875e-03
   3.3000000e+00   6.7046629e-04   4.7903284e-04   8.1722772e-04   9.8918127e-04
   3.4000000e+00   5.9544681e-04   4.2553099e-04   7.2568795e-04   8.7831903e-04
   3.5000000e+00   5.3087071e-04   3.7947867e-04   6.4688635e-04   7.8286507e-04
   3.6000000e+00   4.7501397e-04   3.3964287e-04   5.7872446e-04   7.0028923e-04
   3.7000000e+00   4.2647932e-04   3.0502550e-04   5.1949999e-04   6.2853639e-04
   3.8000000e+00   3.8412676e-04   2.7481306e-04   4.6782304e-04   5.6592693e-04
   3.9000000e+00   3.4702044e-04   2.4833823e-04   4.2255193e-04   5.1107995e-04
   4.0000000e+00   3.1438751e-04   2.2505023e-04   3.8274339e-04   4.6285383e-04
   4.1000000e+00   2.8558627e-04   2.0449197e-04   3.4761397e-04   4.2029973e-04
   4.2000000e+00   2.6008106e-04   1.8628197e-04   3.1650947e-04   3.8262513e-04
   4.3000000e+00   2.3742259e-04   1.7010036e-04   2.8888106e-04   3.4916485e-04
   4.4000000e+00   2.1723217e-04   1.5567758e-04   2.6426620e-04   3.1935808e-04
   4.5000000e+00   1.9918932e-04   1.4278548e-04   2.4227324e-04   2.9272999e-04
   4.6000000e+00   1.8302156e-04   1.3123011e-04   2.2256931e-04   2.6887687e-04
   4.7000000e+00   1.6849639e-04   1.2084595e-04   2.0487032e-04   2.4745411e-04
   4.8000000e+00   1.5541458e-04   1.1149119e-04   1.8893286e-04   2.2816653e-04
   4.9000000e+00   1.4360489e-04   1.0304389e-04   1.7454770e-04   2.1076029e-04
   5.0000000e+00   1.3291953e-04   9.5398834e-05   1.6153435e-04   1.9501645e-04
   5.1000000e+00   1.2323060e-04   8.8464922e-05   1.4973652e-04   1.8074547e-04
   5.2000000e+00   1.1442705e-04   8.2163045e-05   1.3901859e-04   1.6778281e-04
   5.3000000e+00   1.0641214e-04   7.6424286e-05   1.2926241e-04   1.5598518e-04
   5.4000000e+00   9.9101372e-05   7.1188438e-05   1.2036481e-04   1.4522749e-04
   5.5000000e+00   9.2420749e-05   6.6402754e-05   1.1223543e-04   1.3540012e-04
   5.6000000e+00   8.6305276e-05   6.2020903e-05   1.0479492e-04   1.2640689e-04
   5.7000000e+00   8.0697731e-05   5.8002084e-05   9.7973438e-05   1.1816310e-04
   5.8000000e+00   7.5547608e-05   5.4310275e-05   9.1709341e-05   1.1059404e-04
   5.9000000e+00   7.0810227e-05   5.0913605e-05   8.5948106e-05   1.0363360e-04
   6.0000000e+00   6.6445969e-05   4.7783805e-05   8.0641393e-05   9.7223205e-05
   6.1000000e+00   6.2419630e-05   4.4895748e-05   7.5746254e-05   9.1310808e-05
   6.2000000e+00   5.8699856e-05   4.2227056e-05   7.1224448e-05   8.5850069e-05
   6.3000000e+00   5.5258673e-05   3.9757755e-05   6.7041857e-05   8.0799658e-05
   6.4000000e+00   5.2071070e-05   3.7469983e-05   6.3167981e-05   7.6122627e-05
   6.5000000e+00   4.9114646e-05   3.5347737e-05   5.9575507e-05   7.1785894e-05
   6.6000000e+00   4.6369293e-05   3.3376654e-05   5.6239926e-05   6.7759778e-05
   6.7000000e+00   4.3816938e-05   3.1543818e-05   5.3139210e-05   6.4017604e-05
   6.8000000e+00   4.1441307e-05   2.9837595e-05   5.0253520e-05   6.0535356e-05
   6.9000000e+00   3.9227717e-05   2.8247489e-05   4.7564971e-05   5.7291381e-05
   7.0000000e+00   3.7162909e-05   2.6764018e-05   4.5057402e-05   5.4266120e-05
   7.1000000e+00   3.5234878e-05   2.5378596e-05   4.2716194e-05   5.1441879e-05
   7.2000000e+00   3.3432748e-05   2.4083447e-05   4.0528101e-05   4.8802627e-05
   7.3000000e+00   3.1746653e-05   2.2871506e-05   3.8481101e-05   4.6333823e-05
   7.4000000e+00   3.0167620e-05   2.1736353e-05   3.6564271e-05   4.4022252e-05
   7.5000000e+00   2.8687484e-05   2.0672149e-05   3.4767673e-05   4.1855890e-05
   7.6000000e+00   2.7298809e-05   1.9673563e-05   3.3082250e-05   3.9823784e-05
   7.7000000e+00   2.5994805e-05   1.8735739e-05   3.1499738e-05   3.7915941e-05
   7.8000000e+00   2.4769270e-05   1.7854233e-05   3.0012590e-05   3.6123235e-05
   7.9000000e+00   2.3616532e-05   1.7024980e-05   2.8613900e-05   3.4437317e-05
   8.0000000e+00   2.2531392e-05   1.6244260e-05   2.7297346e-05   3.2850545e-05
   8.1000000e+00   2.1509088e-05   1.5508658e-05   2.6057133e-05   3.1355912e-05
   8.2000000e+00   2.0545248e-05   1.4815042e-05   2.4887940e-05   2.9946990e-05
   8.3000000e+00   1.9635852e-05   1.4160529e-05   2.3784878e-05   2.8617869e-05
   8.4000000e+00   1.8777202e-05   1.3542470e-05   2.2743451e-05   2.7363116e-05
   8.5000000e+00   1.7965894e-05   1.2958423e-05   2.1759521e-05   2.6177731e-05
   8.6000000e+00   1.7198790e-05   1.2406138e-05   2.0829266e-05   2.5057100e-05
   8.7000000e+00   1.6472993e-05   1.1883537e-05   1.9949167e-05   2.3996969e-05
   8.8000000e+00   1.5785828e-05   1.1388702e-05   1.9115974e-05   2.2993414e-05
   8.9000000e+00   1.5134822e-05   1.0919859e-05   1.8326677e-05   2.2042800e-05
   9.0000000e+00   1.4517686e-05   1.0475364e-05   1.7578497e-05   2.1141768e-05
   9.1000000e+00   1.3932299e-05   1.0053697e-05   1.6868854e-05   2.0287208e-05
   9.2000000e+00   1.3376698e-05   9.6534469e-06   1.6195362e-05   1.9476235e-05
   9.3000000e+00   1.2849058e-05   9.2733052e-06   1.5555804e-05   1.8706175e-05
   9.4000000e+00   1.2347685e-05   8.9120561e-06   1.4948124e-05   1.7974544e-05
   9.5000000e+00   1.1871007e-05   8.5685694e-06   1.4370409e-05   1.7279035e-05
   9.6000000e+00   1.1417559e-05   8.2417942e-06   1.3820880e-05   1.6617501e-05
   9.7000000e+00   1.0985978e-05   7.9307518e-06   1.3297882e-05   1.5987943e-05
   9.8000000e+00   1.0574996e-05   7.6345303e-06   1.2799874e-05   1.5388502e-05
   9.9000000e+00   1.0183428e-05   7.3522795e-06   1.2325417e-05   1.4817443e-05
   1.0000000e+01   9.8101703e-06   7.0832062e-06   1.1873171e-05   1.4273148e-05
   1.0100000e+01   9.4541924e-06   6.8265697e-06   1.1441884e-05   1.3754107e-05
   1.0200000e+01   9.1145305e-06   6.5816777e-06   1.1030386e-05   1.3258909e-05
   1.0300000e+01   8.7902844e-06   6.3478831e-06   1.0637585e-05   1.2786235e-05
   1.0400000e+01   8.4806114e-06   6.1245801e-06   1.0262455e-05   1.2334850e-05
   1.0500000e+01   8.1847224e-06   5.9112018e-06   9.9040414e-06   1.1903601e-05
   1.0600000e+01   7.9018785e-06   5.7072169e-06   9.5614454e-06   1.1491405e-05
   1.0700000e+01   7.6313870e-06   5.5121272e-06   9.2338265e-06   1.1097249e-05
   1.0800000e+01   7.3725980e-06   5.3254653e-06   8.9203960e-06   1.0720180e-05
   1.0900000e+01   7.1249015e-06   5.1467929e-06   8.6204134e-06   1.0359307e-05
   1.1000000e+01   6.8877248e-06   4.9756979e-06   8.3331836e-06   1.0013791e-05
   1.1100000e+01   6.6605293e-06   4.8117931e-06   8.0580534e-06   9.6828458e-06
   1.1200000e+01   6.4428090e-06   4.6547144e-06   7.7944088e-06   9.3657298e-06
   1.1300000e+01   6.2340878e-06   4.5041190e-06   7.5416717e-06   9.0617469e-06
   1.1400000e+01   6.0339172e-06   4.3596848e-06   7.2992982e-06   8.7702419e-06
   1.1500000e+01   5.8418753e-06   4.2211079e-06   7.0667765e-06   8.4905971e-06
   1.1600000e+01   5.6575642e-06   4.0881019e-06   6.8436237e-06   8.2222311e-06
   1.1700000e+01   5.4806087e-06   3.9603968e-06   6.6293847e-06   7.9645956e-06
   1.1800000e+01   5.3106548e-06   3.8377383e-06   6.4236305e-06   7.7171732e-06
   1.1900000e+01   5.1473689e-06   3.7198856e-06   6.2259558e-06   7.4794760e-06
   1.2000000e+01   4.9904354e-06   3.6066120e-06   6.0359784e-06   7.2510430e-06
   1.2100000e+01   4.8395564e-06   3.4977030e-06   5.8533366e-06   7.0314392e-06
   1.2200000e+01   4.6944502e-06   3.3929556e-06   5.6776892e-06   6.8202528e-06
   1.2300000e+01   4.5548505e-06   3.2921783e-06   5.5087130e-06   6.6170949e-06
   1.2400000e+01   4.4205055e-06   3.1951896e-06   5.3461026e-06   6.4215974e-06
   1.2500000e+01   4.2911765e-06   3.1018178e-06   5.1895687e-06   6.2334119e-06
   1.2600000e+01   4.1666378e-06   3.0119001e-06   5.0388376e-06   6.0522088e-06
   1.2700000e+01   4.0466753e-06   2.9252825e-06   4.8936498e-06   5.8776757e-06
   1.2800000e+01   3.9310863e-06   2.8418190e-06   4.7537594e-06   5.7095162e-06
   1.2900000e+01   3.8196783e-06   2.7613709e-06   4.6189334e-06   5.5474496e-06
   1.3000000e+01   3.7122692e-06   2.6838071e-06   4.4889505e-06   5.3912098e-06
   1.3100000e+01   3.6086857e-06   2.6090026e-06   4.3636010e-06   5.2405440e-06
   1.3200000e+01   3.5087634e-06   2.5368391e-06   4.2426855e-06   5.0952123e-06
   1.3300000e+01   3.4123463e-06   2.4672042e-06   4.1260149e-06   4.9549870e-06
   1.3400000e+01   3.3192859e-06   2.3999909e-06   4.0134094e-06   4.8196515e-06
   1.3500000e+01   3.2294415e-06   2.3350976e-06   3.9046983e-06   4.6890003e-06
   1.3600000e+01   3.1426788e-06   2.2724278e-06   3.7997188e-06   4.5628374e-06
   1.3700000e+01   3.0588703e-06   2.2118895e-06   3.6983164e-06   4.4409771e-06
   1.3800000e+01   2.9778946e-06   2.1533953e-06   3.6003441e-06   4.3232422e-06
   1.3900000e+01   2.8996362e-06   2.0968619e-06   3.5056621e-06   4.2094642e-06
   1.4000000e+01   2.8239851e-06   2.0422099e-06   3.4141368e-06   4.0994826e-06
   1.4100000e+01   2.7508366e-06   1.9893638e-06   3.3256412e-06   3.9931446e-06
   1.4200000e+01   2.6800904e-06   1.9382517e-06   3.2400543e-06   3.8903044e-06
   1.4300000e+01   2.6116518e-06   1.8888050e-06   3.1572608e-06   3.7908234e-06
   1.4400000e+01   2.5454295e-06   1.8409578e-06   3.0771507e-06   3.6945688e-06
   1.4500000e+01   2.4813373e-06   1.7946481e-06   2.9996190e-06   3.6014147e-06
   1.4600000e+01   2.4192923e-06   1.7498161e-06   2.9245654e-06   3.5112404e-06
   1.4700000e+01   2.3592154e-06   1.7064048e-06   2.8518945e-06   3.4239306e-06
   1.4800000e+01   2.3010314e-06   1.6643600e-06   2.7815148e-06   3.3393759e-06
   1.4900000e+01   2.2446686e-06   1.6236299e-06   2.7133392e-06   3.2574710e-06
   1.5000000e+01   2.1900577e-06   1.5841645e-06   2.6472844e-06   3.1781158e-06
   1.5100000e+01   2.1371333e-06   1.5459167e-06   2.5832708e-06   3.1012146e-06
   1.5200000e+01   2.0858323e-06   1.5088410e-06   2.5212221e-06   3.0266756e-06
   1.5300000e+01   2.0360948e-06   1.4728943e-06   2.4610656e-06   2.9544112e-06
   1.5400000e+01   1.9878631e-06   1.4380348e-06   2.4027317e-06   2.8843378e-06
   1.5500000e+01   1.9410824e-06   1.4042228e-06   2.3461535e-06   2.8163749e-06
   1.5600000e+01   1.8956997e-06   1.3714207e-06   2.2912674e-06   2.7504459e-06
   1.5700000e+01   1.8516648e-06   1.3395916e-06   2.2380122e-06   2.6864775e-06
   1.5800000e+01   1.8089291e-06   1.3087008e-06   2.1863295e-06   2.6243991e-06
   1.5900000e+01   1.7674466e-06   1.2787151e-06   2.1361632e-06   2.5641431e-06
   1.6000000e+01   1.7271729e-06   1.2496023e-06   2.0874595e-06   2.5056453e-06
   1.6100000e+01   1.6880654e-06   1.2213317e-06   2.0401671e-06   2.4488434e-06
   1.6200000e+01   1.6500831e-06   1.1938740e-06   1.9942362e-06   2.3936782e-06
   1.6300000e+01   1.6131873e-06   1.1672009e-06   1.9496199e-06   2.3400928e-06
   1.6400000e+01   1.5773402e-06   1.1412853e-06   1.9062726e-06   2.2880324e-06
   1.6500000e+01   1.5425059e-06   1.1161013e-06   1.8641508e-06   2.2374447e-06
   1.6600000e+01   1.5086499e-06   1.0916239e-06   1.8232125e-06   2.1882794e-06
   1.6700000e+01   1.4757388e-06   1.0678292e-06   1.7834176e-06   2.1404882e-06
   1.6800000e+01   1.4437410e-06   1.0446942e-06   1.7447274e-06   2.0940245e-06
   1.6900000e+01   1.4126258e-06   1.0221968e-06   1.7071052e-06   2.0488441e-06
   1.7000000e+01   1.3823638e-06   1.0003157e-06   1.6705151e-06   2.0049039e-06
   1.7100000e+01   1.3529267e-06   9.7903068e-07   1.6349232e-06   1.9621631e-06
   1.7200000e+01   1.3242874e-06   9.5832202e-07   1.6002962e-06   1.9205818e-06
   1.7300000e+01   1.2964197e-06   9.3817086e-07   1.5666028e-06   1.8801221e-06
   1.7400000e+01   1.2692986e-06   9.1855911e-07   1.5338125e-06   1.8407476e-06
   1.7500000e+01   1.2428999e-06   8.9946932e-07   1.5018961e-06   1.8024232e-06
   1.7600000e+01   1.2172004e-06   8.8088472e-07   1.4708254e-06   1.7651149e-06
   1.7700000e+01   1.1921776e-06   8.6278914e-07   1.4405734e-06   1.7287901e-06
   1.7800000e+01   1.1678101e-06   8.4516705e-07   1.4111141e-06   1.6934176e-06
   1.7900000e+01   1.1440772e-06   8.2800350e-07   1.3824222e-06   1.6589673e-06
   1.8000000e+01   1.1209587e-06   8.1128404e-07   1.3544737e-06   1.6254100e-06
   1.8100000e+01   1.0984357e-06   7.9499483e-07   1.3272454e-06   1.5927177e-06
   1.8200000e+01   1.0764894e-06   7.7912247e-07   1.3007147e-06   1.5608637e-06
   1.8300000e+01   1.0551022e-06   7.6365409e-07   1.2748601e-06   1.5298219e-06
   1.8400000e+01   1.0342567e-06   7.4857726e-07   1.2496608e-06   1.4995673e-06
   1.8500000e+01   1.0139365e-06   7.3388000e-07   1.2250967e-06   1.4700757e-06
   1.8600000e+01   9.9412540e-07   7.1955078e-07   1.2011485e-06   1.4413240e-06
   1.8700000e+01   9.7480813e-07   7.0557847e-07   1.1777975e-06   1.4132896e-06
   1.8800000e+01   9.5596980e-07   6.9195231e-07   1.1550258e-06   1.3859510e-06
   1.8900000e+01   9.3759605e-07   6.7866196e-07   1.1328159e-06   1.3592874e-06
   1.9000000e+01   9.1967305e-07   6.6569741e-07   1.1111511e-06   1.3332785e-06
   1.9100000e+01   9.0218743e-07   6.5304901e-07   1.0900153e-06   1.3079049e-06
   1.9200000e+01   8.8512630e-07   6.4070746e-07   1.0693928e-06   1.2831479e-06
   1.9300000e+01   8.6847720e-07   6.2866376e-07   1.0492686e-06   1.2589895e-06
   1.9400000e+01   8.5222811e-07   6.1690922e-07   1.0296281e-06   1.2354120e-06
   1.9500000e+01   8.3636744e-07   6.0543546e-07   1.0104574e-06   1.2123987e-06
   1.9600000e+01   8.2088395e-07   5.9423438e-07   9.9174272e-07   1.1899332e-06
   1.9700000e+01   8.0576680e-07   5.8329812e-07   9.7347108e-07   1.1679997e-06
   1.9800000e+01   7.9100554e-07   5.7261917e-07   9.5562978e-07   1.1465831e-06
   1.9900000e+01   7.7659002e-07   5.6219017e-07   9.3820656e-07   1.1256686e-06
   2.0000000e+01   7.6251047e-07   5.5200407e-07   9.2118959e-07   1.1052421e-06
   2.0100000e+01   7.4875744e-07   5.4205402e-07   9.0456744e-07   1.0852896e-06
   2.0200000e+01   7.3532176e-07   5.3233344e-07   8.8832902e-07   1.0657980e-06
   2.0300000e+01   7.2219460e-07   5.2283592e-07   8.7246364e-07   1.0467544e-06
   2.0400000e+01   7.0936738e-07   5.1355526e-07   8.5696095e-07   1.0281463e-06
   2.0500000e+01   6.9683185e-07   5.0448551e-07   8.4181090e-07   1.0099618e-06
   2.0600000e+01   6.8457996e-07   4.9562085e-07   8.2700385e-07   9.9218907e-07
   2.0700000e+01   6.7260398e-07   4.8695570e-07   8.1253036e-07   9.7481697e-07
   2.0800000e+01   6.6089641e-07   4.7848462e-07   7.9838139e-07   9.5783453e-07
   2.0900000e+01   6.4944995e-07   4.7020236e-07   7.8454815e-07   9.4123122e-07
   2.1000000e+01   6.3825759e-07   4.6210384e-07   7.7102211e-07   9.2499680e-07
   2.1100000e+01   6.2731251e-07   4.5418412e-07   7.5779502e-07   9.0912138e-07
   2.1200000e+01   6.1660808e-07   4.4643846e-07   7.4485891e-07   8.9359533e-07
   2.1300000e+01   6.0613796e-07   4.3886221e-07   7.3220605e-07   8.7840940e-07
   2.1400000e+01   5.9589592e-07   4.3145091e-07   7.1982894e-07   8.6355458e-07
   2.1500000e+01   5.8587596e-07   4.2420022e-07   7.0772032e-07   8.4902214e-07
   2.1600000e+01   5.7607226e-07   4.1710592e-07   6.9587314e-07   8.3480362e-07
   2.1700000e+01   5.6647919e-07   4.1016396e-07   6.8428061e-07   8.2089084e-07
   2.1800000e+01   5.5709128e-07   4.0337036e-07   6.7293610e-07   8.0727584e-07
   2.1900000e+01   5.4790323e-07   3.9672131e-07   6.6183319e-07   7.9395093e-07
   2.2000000e+01   5.3890989e-07   3.9021308e-07   6.5096567e-07   7.8090866e-07
   2.2100000e+01   5.3010628e-07   3.8384209e-07   6.4032751e-07   7.6814176e-07
   2.2200000e+01   5.2148757e-07   3.7760482e-07   6.2991287e-07   7.5564320e-07
   2.2300000e+01   5.1304906e-07   3.7149788e-07   6.1971607e-07   7.4340620e-07
   2.2400000e+01   5.0478621e-07   3.6551800e-07   6.0973162e-07   7.3142412e-07
   2.2500000e+01   4.9669459e-07   3.5966196e-07   5.9995414e-07   7.1969056e-07
   2.2600000e+01   4.8876993e-07   3.5392669e-07   5.9037848e-07   7.0819928e-07
   2.2700000e+01   4.8100805e-07   3.4830916e-07   5.8099959e-07   6.9694422e-07
   2.2800000e+01   4.7340492e-07   3.4280647e-07   5.7181260e-07   6.8591956e-07
   2.2900000e+01   4.6595662e-07   3.3741575e-07   5.6281276e-07   6.7511956e-07
   2.3000000e+01   4.5865933e-07   3.3213429e-07   5.5399546e-07   6.6453872e-07
   2.3100000e+01   4.5150936e-07   3.2695939e-07   5.4535625e-07   6.5417165e-07
   2.3200000e+01   4.4450311e-07   3.2188845e-07   5.3689075e-07   6.4401314e-07
   2.3300000e+01   4.3763712e-07   3.1691896e-07   5.2859476e-07   6.3405811e-07
   2.3400000e+01   4.3090795e-07   3.1204847e-07   5.2046418e-07   6.2430165e-07
   2.3500000e+01   4.2431235e-07   3.0727459e-07   5.1249503e-07   6.1473896e-07
   2.3600000e+01   4.1784710e-07   3.0259500e-07   5.0468343e-07   6.0536543e-07
   2.3700000e+01   4.1150908e-07   2.9800746e-07   4.9702561e-07   5.9617649e-07
   2.3800000e+01   4.0529527e-07   2.9350980e-07   4.8951794e-07   5.8716778e-07
   2.3900000e+01   3.9920274e-07   2.8909986e-07   4.8215684e-07   5.7833503e-07
   2.4000000e+01   3.9322864e-07   2.8477558e-07   4.7493886e-07   5.6967407e-07
   2.4100000e+01   3.8737017e-07   2.8053497e-07   4.6786066e-07   5.6118088e-07
   2.4200000e+01   3.8162464e-07   2.7637607e-07   4.6091895e-07   5.5285155e-07
   2.4300000e+01   3.7598941e-07   2.7229696e-07   4.5411056e-07   5.4468223e-07
   2.4400000e+01   3.7046193e-07   2.6829583e-07   4.4743238e-07   5.3666924e-07
   2.4500000e+01   3.6503970e-07   2.6437084e-07   4.4088143e-07   5.2880894e-07
   2.4600000e+01   3.5972032e-07   2.6052025e-07   4.3445477e-07   5.2109783e-07
   2.4700000e+01   3.5450143e-07   2.5674238e-07   4.2814955e-07   5.1353250e-07
   2.4800000e+01   3.4938073e-07   2.5303554e-07   4.2196301e-07   5.0610960e-07
   2.4900000e+01   3.4435599e-07   2.4939815e-07   4.1589244e-07   4.9882590e-07
   2.5000000e+01   3.3942505e-07   2.4582862e-07   4.0993523e-07   4.9167827e-07
   2.5100000e+01   3.3458579e-07   2.4232541e-07   4.0408881e-07   4.8466362e-07
   2.5200000e+01   3.2983615e-07   2.3888706e-07   3.9835071e-07   4.7777896e-07
   2.5300000e+01   3.2517413e-07   2.3551210e-07   3.9271849e-07   4.7102140e-07
   2.5400000e+01   3.2059777e-07   2.3219914e-07   3.8718980e-07   4.6438809e-07
   2.5500000e+01   3.1610520e-07   2.2894679e-07   3.8176235e-07   4.5787630e-07
   2.5600000e+01   3.1169452e-07   2.2575372e-07   3.7643389e-07   4.5148331e-07
   2.5700000e+01   3.0736397e-07   2.2261860e-07   3.7120225e-07   4.4520653e-07
   2.5800000e+01   3.0311177e-07   2.1954021e-07   3.6606530e-07   4.3904339e-07
   2.5900000e+01   2.9893623e-07   2.1651726e-07   3.6102097e-07   4.3299143e-07
   2.6000000e+01   2.9483567e-07   2.1354859e-07   3.5606727e-07   4.2704821e-07
   2.6100000e+01   2.9080847e-07   2.1063299e-07   3.5120219e-07   4.2121138e-07
   2.6200000e+01   2.8685302e-07   2.0776933e-07   3.4642387e-07   4.1547864e-07
   2.6300000e+01   2.8296782e-07   2.0495650e-07   3.4173040e-07   4.0984777e-07
   2.6400000e+01   2.7915136e-07   2.0219340e-07   3.3712000e-07   4.0431655e-07
   2.6500000e+01   2.7540213e-07   1.9947898e-07   3.3259087e-07   3.9888289e-07
   2.6600000e+01   2.7171875e-07   1.9681220e-07   3.2814128e-07   3.9354469e-07
   2.6700000e+01   2.6809981e-07   1.9419204e-07   3.2376956e-07   3.8829993e-07
   2.6800000e+01   2.6454394e-07   1.9161754e-07   3.1947407e-07   3.8314666e-07
   2.6900000e+01   2.6104982e-07   1.8908773e-07   3.1525318e-07   3.7808292e-07
   2.7000000e+01   2.5761616e-07   1.8660168e-07   3.1110536e-07   3.7310686e-07
   2.7100000e+01   2.5424171e-07   1.8415846e-07   3.0702908e-07   3.6821665e-07
   2.7200000e+01   2.5092522e-07   1.8175720e-07   3.0302282e-07   3.6341048e-07
   2.7300000e+01   2.4766549e-07   1.7939701e-07   2.9908518e-07   3.5868665e-07
   2.7400000e+01   2.4446136e-07   1.7707708e-07   2.9521470e-07   3.5404343e-07
   2.7500000e+01   2.4131169e-07   1.7479654e-07   2.9141003e-07   3.4947916e-07
   2.7600000e+01   2.3821536e-07   1.7255461e-07   2.8766981e-07   3.4499224e-07
   2.7700000e+01   2.3517128e-07   1.7035051e-07   2.8399272e-07   3.4058107e-07
   2.7800000e+01   2.3217838e-07   1.6818344e-07   2.8037747e-07   3.3624413e-07
   2.7900000e+01   2.2923564e-07   1.6605268e-07   2.7682283e-07   3.3197989e-07
   2.8000000e+01   2.2634203e-07   1.6395748e-07   2.7332755e-07   3.2778693e-07
   2.8100000e+01   2.2349659e-07   1.6189714e-07   2.6989047e-07   3.2366375e-07
   2.8200000e+01   2.2069832e-07   1.5987094e-07   2.6651038e-07   3.1960900e-07
   2.8300000e+01   2.1794630e-07   1.5787821e-07   2.6318619e-07   3.1562130e-07
   2.8400000e+01   2.1523959e-07   1.5591829e-07   2.5991674e-07   3.1169931e-07
   2.8500000e+01   2.1257731e-07   1.5399053e-07   2.5670098e-07   3.0784173e-07
   2.8600000e+01   2.0995858e-07   1.5209430e-07   2.5353782e-07   3.0404728e-07
   2.8700000e+01   2.0738255e-07   1.5022895e-07   2.5042626e-07   3.0031473e-07
   2.8800000e+01   2.0484837e-07   1.4839391e-07   2.4736526e-07   2.9664286e-07
   2.8900000e+01   2.0235523e-07   1.4658856e-07   2.4435384e-07   2.9303047e-07
   2.9000000e+01   1.9990231e-07   1.4481234e-07   2.4139103e-07   2.8947640e-07
   2.9100000e+01   1.9748885e-07   1.4306467e-07   2.3847588e-07   2.8597954e-07
   2.9200000e+01   1.9511408e-07   1.4134501e-07   2.3560747e-07   2.8253878e-07
   2.9300000e+01   1.9277726e-07   1.3965282e-07   2.3278493e-07   2.7915302e-07
   2.9400000e+01   1.9047765e-07   1.3798757e-07   2.3000735e-07   2.7582121e-07
   2.9500000e+01   1.8821454e-07   1.3634874e-07   2.2727386e-07   2.7254232e-07
   2.9600000e+01   1.8598726e-07   1.3473584e-07   2.2458363e-07   2.6931532e-07
   2.9700000e+01   1.8379509e-07   1.3314837e-07   2.2193585e-07   2.6613926e-07
   2.9800000e+01   1.8163738e-07   1.3158583e-07   2.1932969e-07   2.6301316e-07
   2.9900000e+01   1.7951347e-07   1.3004778e-07   2.1676439e-07   2.5993606e-07
   3.0000000e+01   1.7742275e-07   1.2853373e-07   2.1423916e-07   2.5690705e-07
   3.0100000e+01   1.7536458e-07   1.2704325e-07   2.1175327e-07   2.5392523e-07
   3.0200000e+01   1.7333835e-07   1.2557590e-07   2.0930597e-07   2.5098970e-07
   3.0300000e+01   1.7134348e-07   1.2413124e-07   2.0689653e-07   2.4809961e-07
   3.0400000e+01   1.6937936e-07   1.2270885e-07   2.0452426e-07   2.4525412e-07
   3.0500000e+01   1.6744543e-07   1.2130832e-07   2.0218847e-07   2.4245240e-07
   3.0600000e+01   1.6554116e-07   1.1992925e-07   1.9988849e-07   2.3969365e-07
   3.0700000e+01   1.6366597e-07   1.1857124e-07   1.9762366e-07   2.3697706e-07
   3.0800000e+01   1.6181935e-07   1.1723390e-07   1.9539333e-07   2.3430186e-07
   3.0900000e+01   1.6000077e-07   1.1591687e-07   1.9319688e-07   2.3166733e-07
   3.1000000e+01   1.5820971e-07   1.1461976e-07   1.9103368e-07   2.2907267e-07
   3.1100000e+01   1.5644569e-07   1.1334223e-07   1.8890315e-07   2.2651720e-07
   3.1200000e+01   1.5470820e-07   1.1208391e-07   1.8680467e-07   2.2400021e-07
   3.1300000e+01   1.5299677e-07   1.1084446e-07   1.8473767e-07   2.2152099e-07
   3.1400000e+01   1.5131096e-07   1.0962353e-07   1.8270160e-07   2.1907884e-07
   3.1500000e+01   1.4965026e-07   1.0842081e-07   1.8069589e-07   2.1667315e-07
   3.1600000e+01   1.4801426e-07   1.0723596e-07   1.7872001e-07   2.1430323e-07
   3.1700000e+01   1.4640251e-07   1.0606866e-07   1.7677342e-07   2.1196845e-07
   3.1800000e+01   1.4481457e-07   1.0491861e-07   1.7485560e-07   2.0966820e-07
   3.1900000e+01   1.4325004e-07   1.0378550e-07   1.7296605e-07   2.0740185e-07
   3.2000000e+01   1.4170848e-07   1.0266903e-07   1.7110425e-07   2.0516881e-07
   3.2100000e+01   1.4018950e-07   1.0156891e-07   1.6926975e-07   2.0296850e-07
   3.2200000e+01   1.3869272e-07   1.0048485e-07   1.6746204e-07   2.0080034e-07
   3.2300000e+01   1.3721773e-07   9.9416577e-08   1.6568067e-07   1.9866377e-07
   3.2400000e+01   1.3576416e-07   9.8363810e-08   1.6392516e-07   1.9655825e-07
   3.2500000e+01   1.3433164e-07   9.7326282e-08   1.6219510e-07   1.9448323e-07
   3.2600000e+01   1.3291981e-07   9.6303729e-08   1.6049000e-07   1.9243817e-07
   3.2700000e+01   1.3152830e-07   9.5295896e-08   1.5880947e-07   1.9042259e-07
   3.2800000e+01   1.3015677e-07   9.4302529e-08   1.5715307e-07   1.8843595e-07
   3.2900000e+01   1.2880487e-07   9.3323378e-08   1.5552040e-07   1.8647778e-07
   3.3000000e+01   1.2747228e-07   9.2358203e-08   1.5391103e-07   1.8454757e-07
   3.3100000e+01   1.2615866e-07   9.1406764e-08   1.5232459e-07   1.8264485e-07
   3.3200000e+01   1.2486370e-07   9.0468831e-08   1.5076068e-07   1.8076917e-07
   3.3300000e+01   1.2358707e-07   8.9544174e-08   1.4921891e-07   1.7892004e-07
   3.3400000e+01   1.2232846e-07   8.8632569e-08   1.4769891e-07   1.7709705e-07
   3.3500000e+01   1.2108758e-07   8.7733798e-08   1.4620033e-07   1.7529974e-07
   3.3600000e+01   1.1986412e-07   8.6847644e-08   1.4472280e-07   1.7352768e-07
   3.3700000e+01   1.1865781e-07   8.5973899e-08   1.4326596e-07   1.7178044e-07
   3.3800000e+01   1.1746834e-07   8.5112355e-08   1.4182949e-07   1.7005763e-07
   3.3900000e+01   1.1629544e-07   8.4262809e-08   1.4041302e-07   1.6835882e-07
   3.4000000e+01   1.1513884e-07   8.3425064e-08   1.3901624e-07   1.6668363e-07
   3.4100000e+01   1.1399826e-07   8.2598924e-08   1.3763882e-07   1.6503167e-07
   3.4200000e+01   1.1287345e-07   8.1784198e-08   1.3628045e-07   1.6340256e-07
   3.4300000e+01   1.1176415e-07   8.0980701e-08   1.3494080e-07   1.6179589e-07
   3.4400000e+01   1.1067010e-07   8.0188249e-08   1.3361957e-07   1.6021134e-07
   3.4500000e+01   1.0959105e-07   7.9406660e-08   1.3231647e-07   1.5864853e-07
   3.4600000e+01   1.0852676e-07   7.8635759e-08   1.3103120e-07   1.5710709e-07
   3.4700000e+01   1.0747699e-07   7.7875372e-08   1.2976346e-07   1.5558671e-07
   3.4800000e+01   1.0644151e-07   7.7125331e-08   1.2851298e-07   1.5408701e-07
   3.4900000e+01   1.0542008e-07   7.6385468e-08   1.2727948e-07   1.5260769e-07
   3.5000000e+01   1.0441249e-07   7.5655622e-08   1.2606269e-07   1.5114840e-07
   3.5100000e+01   1.0341851e-07   7.4935629e-08   1.2486233e-07   1.4970883e-07
   3.5200000e+01   1.0243791e-07   7.4225335e-08   1.2367815e-07   1.4828867e-07
   3.5300000e+01   1.0147050e-07   7.3524585e-08   1.2250989e-07   1.4688760e-07
   3.5400000e+01   1.0051606e-07   7.2833227e-08   1.2135729e-07   1.4550532e-07
   3.5500000e+01   9.9574380e-08   7.2151112e-08   1.2022011e-07   1.4414154e-07
   3.5600000e+01   9.8645265e-08   7.1478097e-08   1.1909811e-07   1.4279596e-07
   3.5700000e+01   9.7728518e-08   7.0814036e-08   1.1799105e-07   1.4146830e-07
   3.5800000e+01   9.6823943e-08   7.0158790e-08   1.1689868e-07   1.4015827e-07
   3.5900000e+01   9.5931350e-08   6.9512223e-08   1.1582079e-07   1.3886561e-07
   3.6000000e+01   9.5050554e-08   6.8874196e-08   1.1475715e-07   1.3759003e-07
   3.6100000e+01   9.4181371e-08   6.8244581e-08   1.1370753e-07   1.3633128e-07
   3.6200000e+01   9.3323621e-08   6.7623244e-08   1.1267172e-07   1.3508909e-07
   3.6300000e+01   9.2477128e-08   6.7010060e-08   1.1164951e-07   1.3386321e-07
   3.6400000e+01   9.1641716e-08   6.6404901e-08   1.1064069e-07   1.3265338e-07
   3.6500000e+01   9.0817219e-08   6.5807646e-08   1.0964504e-07   1.3145937e-07
   3.6600000e+01   9.0003469e-08   6.5218172e-08   1.0866238e-07   1.3028092e-07
   3.6700000e+01   8.9200300e-08   6.4636363e-08   1.0769249e-07   1.2911781e-07
   3.6800000e+01   8.8407553e-08   6.4062102e-08   1.0673519e-07   1.2796979e-07
   3.6900000e+01   8.7625068e-08   6.3495273e-08   1.0579029e-07   1.2683664e-07
   3.7000000e+01   8.6852693e-08   6.2935764e-08   1.0485760e-07   1.2571814e-07
   3.7100000e+01   8.6090272e-08   6.2383465e-08   1.0393693e-07   1.2461405e-07
   3.7200000e+01   8.5337659e-08   6.1838268e-08   1.0302810e-07   1.2352418e-07
   3.7300000e+01   8.4594703e-08   6.1300066e-08   1.0213095e-07   1.2244829e-07
   3.7400000e+01   8.3861262e-08   6.0768756e-08   1.0124528e-07   1.2138619e-07
   3.7500000e+01   8.3137195e-08   6.0244234e-08   1.0037093e-07   1.2033767e-07
   3.7600000e+01   8.2422362e-08   5.9726398e-08   9.9507737e-08   1.1930252e-07
   3.7700000e+01   8.1716626e-08   5.9215152e-08   9.8655529e-08   1.1828056e-07
   3.7800000e+01   8.1019853e-08   5.8710397e-08   9.7814147e-08   1.1727157e-07
   3.7900000e+01   8.0331910e-08   5.8212038e-08   9.6983430e-08   1.1627538e-07
   3.8000000e+01   7.9652669e-08   5.7719980e-08   9.6163222e-08   1.1529180e-07
   3.8100000e+01   7.8982003e-08   5.7234131e-08   9.5353371e-08   1.1432063e-07
   3.8200000e+01   7.8319785e-08   5.6754402e-08   9.4553722e-08   1.1336170e-07
   3.8300000e+01   7.7665892e-08   5.6280704e-08   9.3764128e-08   1.1241483e-07
   3.8400000e+01   7.7020205e-08   5.5812948e-08   9.2984444e-08   1.1147985e-07
   3.8500000e+01   7.6382605e-08   5.5351048e-08   9.2214527e-08   1.1055658e-07
   3.8600000e+01   7.5752974e-08   5.4894921e-08   9.1454235e-08   1.0964486e-07
   3.8700000e+01   7.5131199e-08   5.4444483e-08   9.0703430e-08   1.0874452e-07
   3.8800000e+01   7.4517165e-08   5.3999653e-08   8.9961975e-08   1.0785539e-07
   3.8900000e+01   7.3910765e-08   5.3560350e-08   8.9229738e-08   1.0697731e-07
   3.9000000e+01   7.3311888e-08   5.3126496e-08   8.8506589e-08   1.0611013e-07
   3.9100000e+01   7.2720426e-08   5.2698014e-08   8.7792394e-08   1.0525370e-07
   3.9200000e+01   7.2136277e-08   5.2274827e-08   8.7087030e-08   1.0440786e-07
   3.9300000e+01   7.1559335e-08   5.1856861e-08   8.6390371e-08   1.0357245e-07
   3.9400000e+01   7.0989499e-08   5.1444042e-08   8.5702293e-08   1.0274734e-07
   3.9500000e+01   7.0426670e-08   5.1036297e-08   8.5022680e-08   1.0193238e-07
   3.9600000e+01   6.9870751e-08   5.0633558e-08   8.4351408e-08   1.0112743e-07
   3.9700000e+01   6.9321643e-08   5.0235751e-08   8.3688364e-08   1.0033234e-07
   3.9800000e+01   6.8779253e-08   4.9842811e-08   8.3033432e-08   9.9546980e-08
   3.9900000e+01   6.8243487e-08   4.9454668e-08   8.2386501e-08   9.8771217e-08
   4.0000000e+01   6.7714254e-08   4.9071256e-08   8.1747457e-08   9.8004915e-08
   4.0100000e+01   6.7191463e-08   4.8692512e-08   8.1116196e-08   9.7247946e-08
   4.0200000e+01   6.6675026e-08   4.8318369e-08   8.0492606e-08   9.6500178e-08
   4.0300000e+01   6.6164857e-08   4.7948765e-08   7.9876586e-08   9.5761489e-08
   4.0400000e+01   6.5660868e-08   4.7583639e-08   7.9268031e-08   9.5031751e-08
   4.0500000e+01   6.5162976e-08   4.7222929e-08   7.8666837e-08   9.4310844e-08
   4.0600000e+01   6.4671098e-08   4.6866574e-08   7.8072908e-08   9.3598648e-08
   4.0700000e+01   6.4185153e-08   4.6514517e-08   7.7486141e-08   9.2895044e-08
   4.0800000e+01   6.3705059e-08   4.6166699e-08   7.6906443e-08   9.2199917e-08
   4.0900000e+01   6.3230741e-08   4.5823063e-08   7.6333719e-08   9.1513152e-08
   4.1000000e+01   6.2762118e-08   4.5483553e-08   7.5767873e-08   9.0834635e-08
   4.1100000e+01   6.2299116e-08   4.5148113e-08   7.5208813e-08   9.0164261e-08
   4.1200000e+01   6.1841658e-08   4.4816691e-08   7.4656451e-08   8.9501915e-08
   4.1300000e+01   6.1389672e-08   4.4489231e-08   7.4110695e-08   8.8847495e-08
   4.1400000e+01   6.0943084e-08   4.4165682e-08   7.3571459e-08   8.8200894e-08
   4.1500000e+01   6.0501823e-08   4.3845991e-08   7.3038658e-08   8.7562007e-08
   4.1600000e+01   6.0065820e-08   4.3530109e-08   7.2512204e-08   8.6930735e-08
   4.1700000e+01   5.9635003e-08   4.3217984e-08   7.1992015e-08   8.6306976e-08
   4.1800000e+01   5.9209309e-08   4.2909569e-08   7.1478009e-08   8.5690633e-08
   4.1900000e+01   5.8788667e-08   4.2604813e-08   7.0970106e-08   8.5081609e-08
   4.2000000e+01   5.8373012e-08   4.2303671e-08   7.0468227e-08   8.4479807e-08
   4.2100000e+01   5.7962281e-08   4.2006094e-08   6.9972291e-08   8.3885136e-08
   4.2200000e+01   5.7556409e-08   4.1712038e-08   6.9482224e-08   8.3297501e-08
   4.2300000e+01   5.7155334e-08   4.1421455e-08   6.8997950e-08   8.2716813e-08
   4.2400000e+01   5.6758993e-08   4.1134303e-08   6.8519393e-08   8.2142982e-08
   4.2500000e+01   5.6367326e-08   4.0850536e-08   6.8046480e-08   8.1575920e-08
   4.2600000e+01   5.5980275e-08   4.0570112e-08   6.7579141e-08   8.1015540e-08
   4.2700000e+01   5.5597779e-08   4.0292988e-08   6.7117301e-08   8.0461760e-08
   4.2800000e+01   5.5219780e-08   4.0019122e-08   6.6660894e-08   7.9914491e-08
   4.2900000e+01   5.4846223e-08   3.9748473e-08   6.6209851e-08   7.9373655e-08
   4.3000000e+01   5.4477050e-08   3.9481001e-08   6.5764102e-08   7.8839170e-08
   4.3100000e+01   5.4112208e-08   3.9216665e-08   6.5323582e-08   7.8310956e-08
   4.3200000e+01   5.3751640e-08   3.8955427e-08   6.4888226e-08   7.7788932e-08
   4.3300000e+01   5.3395294e-08   3.8697247e-08   6.4457969e-08   7.7273023e-08
   4.3400000e+01   5.3043119e-08   3.8442087e-08   6.4032745e-08   7.6763153e-08
   4.3500000e+01   5.2695063e-08   3.8189912e-08   6.3612495e-08   7.6259246e-08
   4.3600000e+01   5.2351072e-08   3.7940681e-08   6.3197157e-08   7.5761228e-08
   4.3700000e+01   5.2011099e-08   3.7694361e-08   6.2786669e-08   7.5269029e-08
   4.3800000e+01   5.1675094e-08   3.7450915e-08   6.2380972e-08   7.4782575e-08
   4.3900000e+01   5.1343008e-08   3.7210309e-08   6.1980009e-08   7.4301797e-08
   4.4000000e+01   5.1014794e-08   3.6972506e-08   6.1583720e-08   7.3826624e-08
   4.4100000e+01   5.0690404e-08   3.6737473e-08   6.1192049e-08   7.3356989e-08
   4.4200000e+01   5.0369792e-08   3.6505178e-08   6.0804940e-08   7.2892825e-08
   4.4300000e+01   5.0052911e-08   3.6275587e-08   6.0422337e-08   7.2434067e-08
   4.4400000e+01   4.9739720e-08   3.6048666e-08   6.0044187e-08   7.1980647e-08
   4.4500000e+01   4.9430170e-08   3.5824385e-08   5.9670437e-08   7.1532502e-08
   4.4600000e+01   4.9124221e-08   3.5602711e-08   5.9301033e-08   7.1089572e-08
   4.4700000e+01   4.8821829e-08   3.5383614e-08   5.8935925e-08   7.0651790e-08
   4.4800000e+01   4.8522951e-08   3.5167063e-08   5.8575061e-08   7.0219099e-08
   4.4900000e+01   4.8227546e-08   3.4953029e-08   5.8218390e-08   6.9791436e-08
   4.5000000e+01   4.7935573e-08   3.4741480e-08   5.7865863e-08   6.9368743e-08
   4.5100000e+01   4.7646992e-08   3.4532388e-08   5.7517432e-08   6.8950963e-08
   4.5200000e+01   4.7361763e-08   3.4325726e-08   5.7173050e-08   6.8538036e-08
   4.5300000e+01   4.7079847e-08   3.4121462e-08   5.6832667e-08   6.8129906e-08
   4.5400000e+01   4.6801206e-08   3.3919572e-08   5.6496239e-08   6.7726517e-08
   4.5500000e+01   4.6525800e-08   3.3720027e-08   5.6163720e-08   6.7327816e-08
   4.5600000e+01   4.6253596e-08   3.3522798e-08   5.5835063e-08   6.6933749e-08
   4.5700000e+01   4.5984552e-08   3.3327861e-08   5.5510225e-08   6.6544260e-08
   4.5800000e+01   4.5718636e-08   3.3135189e-08   5.5189164e-08   6.6159299e-08
   4.5900000e+01   4.5455811e-08   3.2944757e-08   5.4871833e-08   6.5778813e-08
   4.6000000e+01   4.5196042e-08   3.2756538e-08   5.4558194e-08   6.5402751e-08
   4.6100000e+01   4.4939293e-08   3.2570507e-08   5.4248202e-08   6.5031064e-08
   4.6200000e+01   4.4685532e-08   3.2386641e-08   5.3941816e-08   6.4663703e-08
   4.6300000e+01   4.4434725e-08   3.2204915e-08   5.3638998e-08   6.4300619e-08
   4.6400000e+01   4.4186839e-08   3.2025304e-08   5.3339707e-08   6.3941764e-08
   4.6500000e+01   4.3941840e-08   3.1847787e-08   5.3043902e-08   6.3587090e-08
   4.6600000e+01   4.3699698e-08   3.1672338e-08   5.2751547e-08   6.3236552e-08
   4.6700000e+01   4.3460381e-08   3.1498936e-08   5.2462603e-08   6.2890104e-08
   4.6800000e+01   4.3223856e-08   3.1327556e-08   5.2177030e-08   6.2547701e-08
   4.6900000e+01   4.2990095e-08   3.1158180e-08   5.1894795e-08   6.2209298e-08
   4.7000000e+01   4.2759065e-08   3.0990783e-08   5.1615859e-08   6.1874851e-08
   4.7100000e+01   4.2530740e-08   3.0825344e-08   5.1340187e-08   6.1544320e-08
   4.7200000e+01   4.2305089e-08   3.0661842e-08   5.1067743e-08   6.1217659e-08
   4.7300000e+01   4.2082082e-08   3.0500256e-08   5.0798495e-08   6.0894827e-08
   4.7400000e+01   4.1861692e-08   3.0340567e-08   5.0532405e-08   6.0575785e-08
   4.7500000e+01   4.1643889e-08   3.0182752e-08   5.0269440e-08   6.0260490e-08
   4.7600000e+01   4.1428649e-08   3.0026794e-08   5.0009569e-08   5.9948905e-08
   4.7700000e+01   4.1215944e-08   2.9872670e-08   4.9752756e-08   5.9640988e-08
   4.7800000e+01   4.1005745e-08   2.9720365e-08   4.9498972e-08   5.9336703e-08
   4.7900000e+01   4.0798028e-08   2.9569856e-08   4.9248184e-08   5.9036007e-08
   4.8000000e+01   4.0592766e-08   2.9421126e-08   4.9000360e-08   5.8738869e-08
   4.8100000e+01   4.0389934e-08   2.9274155e-08   4.8755470e-08   5.8445246e-08
   4.8200000e+01   4.0189505e-08   2.9128928e-08   4.8513482e-08   5.8155107e-08
   4.8300000e+01   3.9991457e-08   2.8985425e-08   4.8274368e-08   5.7868411e-08
   4.8400000e+01   3.9795763e-08   2.8843628e-08   4.8038099e-08   5.7585127e-08
   4.8500000e+01   3.9602402e-08   2.8703520e-08   4.7804643e-08   5.7305217e-08
   4.8600000e+01   3.9411348e-08   2.8565083e-08   4.7573976e-08   5.7028650e-08
   4.8700000e+01   3.9222577e-08   2.8428302e-08   4.7346065e-08   5.6755387e-08
   4.8800000e+01   3.9036068e-08   2.8293158e-08   4.7120885e-08   5.6485400e-08
   4.8900000e+01   3.8851798e-08   2.8159637e-08   4.6898408e-08   5.6218655e-08
   4.9000000e+01   3.8669745e-08   2.8027723e-08   4.6678606e-08   5.5955118e-08
   4.9100000e+01   3.8489886e-08   2.7897398e-08   4.6461456e-08   5.5694758e-08
   4.9200000e+01   3.8312198e-08   2.7768647e-08   4.6246928e-08   5.5437544e-08
   4.9300000e+01   3.8136663e-08   2.7641454e-08   4.6034999e-08   5.5183446e-08
   4.9400000e+01   3.7963258e-08   2.7515806e-08   4.5825641e-08   5.4932431e-08
   4.9500000e+01   3.7791964e-08   2.7391686e-08   4.5618832e-08   5.4684472e-08
   4.9600000e+01   3.7622759e-08   2.7269081e-08   4.5414545e-08   5.4439538e-08
   4.9700000e+01   3.7455623e-08   2.7147974e-08   4.5212757e-08   5.4197599e-08
   4.9800000e+01   3.7290537e-08   2.7028352e-08   4.5013444e-08   5.3958628e-08
   4.9900000e+01   3.7127483e-08   2.6910202e-08   4.4816581e-08   5.3722598e-08
   5.0000000e+01   3.6966438e-08   2.6793509e-08   4.4622148e-08   5.3489477e-08
